2
8
8
4
25
7
8
3
4
2
10
4
9
4
22
7
33
6
29
4
30
13
22
25
17
22
25
11
9
45
26
23
28
2
14
12
35
32
20
35
22
20
8
22
14
71
28
10
26
28
27
9
31
20
12
17
37
32
13
14
34
32
21
30
6
14
24
22
4
15
22
19
18
31
24
10
15
29
26
25
24
44
11
12
33
19
30
10
5
25
39
32
28
19
17
6
76
18
19
39
15
10
43
21
23
20
18
37
24
21
14
35
77
35
21
13
28
29
40
27
22
10
19
34
35
25
16
20
37
22
26
9
29
5
25
15
29
32
47
30
42
21
21
43
99
35
31
16
18
21
35
18
54
26
10
12
13
16
56
12
11
11
8
19
36
19
12
26
18
22
13
14
26
39
38
24
27
7
